	30	31	32	33	34	35	36	37	38	39	40	41	42	43	44	45	46	47	48	49	50	51	52	53	54	55	56	57	58	59	60	61	62	63	64	65	66	67	68	69	70	71	72	73	74	75	76	77	78	79	80	81	82	83	84	85	86	87	88	89	90	91	92	93	94	95	96	97	98	99	100	101	102	103	104	105	106	107	108	109	110	111	112	113	114	115	116	117	118	119	120	121	122	123	124	125	126	127	128	129	130	131	132	133	134	135	136	137	138	139	140	141	142	143	144	145	146	147	148	149	150	151	152	153	154	155	156	157	158	159	160	161	162	163	164	165	166	167	168	169	170	171	172	173	174	175	176	177	178	179	180	181	182	183	184	185	186	187	188	189	190	191
SRR1313909	116	23	32	89	93	2281	1220	2120	49	27	69	42	65	7573	56	1804	475	87	698	3436	34	3267	30	19	21	35	30	1919	26	30	21	22	28	25	25	27	34	452	32	34	96	1306	46	43	37	52	122	49	49	39	43	73	63	112	5782	120	91	136	1620	565	188	214	105	442	243	356	167	224	313	582	935	1629	1161	37	39	38	36	38	32	40	42	36	31	31	29	37	36	36	36	30	33	29	24	24	29	40	32	28	32	39	46	45	43	42	55	48	40	49	39	39	37	32	45	42	30	33	30	29	30	33	35	39	41	36	30	36	32	36	37	34	30	36	35	35	29	27	33	25	23	22	34	22	35	24	26	29	23	36	27	28	29	32	34	39	46	41	46	75	51	73	98	51
	30	31	32	33	34	35	36	37	38	39	40	41	42	43	44	45	46	47	48	49	50	51	52	53	54	55	56	57	58	59	60	61	62	63	64	65	66	67	68	69	70	71	72	73	74	75	76	77	78	79	80	81	82	83	84	85	86	87	88	89	90	91	92	93	94	95	96	97	98	99	100	101	102	103	104	105	106	107	108	109	110	111	112	113	114	115	116	117	118	119	120	121	122	123	124	125	126	127	128	129	130	131	132	133	134	135	136	137	138	139	140	141	142	143	144	145	146	147	148	149	150	151	152	153	154	155	156	157	158	159	160	161	162	163	164	165	166	167	168	169	170	171	172	173	174	175	176	177	178	179	180	181	182	183	184	185	186	187	188	189	190	191
SRR1314212	2	2	8	6	1	9	50	6	10	21	11	15	23	18	22	52	14	21	17	35	20	19	24	28	14	23	24	34	24	17	24	17	35	23	31	15	20	18	24	26	22	20	30	19	27	38	25	14	21	14	19	16	30	29	49	32	26	28	30	31	29	76	36	72	30	47	42	43	52	61	132	870	18	10	10	11	7	17	17	9	11	7	13	9	5	9	9	20	16	12	6	11	11	8	3	9	12	11	7	9	17	6	13	10	8	13	13	13	13	8	10	11	7	7	10	10	12	12	6	7	8	10	11	14	14	13	9	6	10	11	15	9	13	8	9	9	9	2	4	10	8	4	9	13	7	2	9	13	7	6	8	15	5	7	10	9	19	20	20	18	33	11
	30	31	32	33	34	35	36	37	38	39	40	41	42	43	44	45	46	47	48	49	50	51	52	53	54	55	56	57	58	59	60	61	62	63	64	65	66	67	68	69	70	71	72	73	74	75	76	77	78	79	80	81	82	83	84	85	86	87	88	89	90	91	92	93	94	95	96	97	98	99	100	101	102	103	104	105	106	107	108	109	110	111	112	113	114	115	116	117	118	119	120	121	122	123	124	125	126	127	128	129	130	131	132	133	134	135	136	137	138	139	140	141	142	143	144	145	146	147	148	149	150	151	152	153	154	155	156	157	158	159	160	161	162	163	164	165	166	167	168	169	170	171	172	173	174	175	176	177	178	180	181	182	183	184	185	186	187	188	189	190	191
SRR1314213	5	3	8	11	7	11	16	22	18	11	24	27	16	26	29	32	25	18	29	23	25	20	24	29	24	23	28	23	35	26	29	34	31	21	27	32	31	46	31	28	36	27	38	35	39	32	32	32	27	26	29	34	25	30	32	36	30	26	34	26	30	33	36	37	34	43	48	53	55	80	129	695	5	3	6	7	4	6	8	3	5	3	5	2	2	4	6	12	6	8	3	4	9	8	2	4	3	9	6	4	9	5	8	7	5	10	8	7	9	5	3	9	4	8	8	12	10	8	2	4	5	8	11	9	8	7	8	5	6	7	5	6	4	5	6	7	9	2	2	5	6	2	6	6	5	3	5	5	6	6	13	2	11	6	7	17	21	12	21	36	17
	30	31	32	33	34	35	36	37	38	39	40	41	42	43	44	45	46	47	48	49	50	51	52	53	54	55	56	57	58	59	60	61	62	63	64	65	66	67	68	69	70	71	72	73	74	75	76	77	78	79	80	81	82	83	84	85	86	87	88	89	90	91	92	93	94	95	96	97	98	99	100	101	102	103	104	105	106	107	108	109	110	111	112	113	114	115	116	117	118	119	120	121	122	123	124	125	126	127	128	129	130	131	132	133	134	135	136	137	138	139	140	141	142	143	144	145	146	147	148	149	150	151	152	153	154	155	156	157	158	159	160	161	162	163	164	165	166	167	168	169	170	171	172	173	174	175	176	177	178	179	180	181	182	183	184	185	186	187	188	189	190	191
SRR1314214	9	7	24	12	38	17	18	38	11	27	13	22	37	118	4403	25	31	26	130	617	24	23	24	16	24	22	29	20	25	24	25	21	111	32	31	24	27	28	33	28	28	29	23	34	34	20	27	24	33	30	35	31	40	41	50	105	67	47	40	259	133	69	78	51	81	470	96	98	141	321	526	1102	19	18	21	21	20	16	23	19	21	20	18	16	12	16	18	29	23	27	27	20	19	20	15	20	18	23	14	13	25	14	22	13	17	25	22	21	20	17	11	21	22	19	20	16	14	20	12	14	20	15	19	28	22	19	16	14	18	15	17	11	20	14	17	11	19	9	10	16	20	14	16	21	15	17	16	21	17	11	17	20	19	20	17	21	37	34	24	44	53	38
	30	31	32	33	34	35	36	37	38	39	40	41	42	43	44	45	46	47	48	49	50	51	52	53	54	55	56	57	58	59	60	61	62	63	64	65	66	67	68	69	70	71	72	73	74	75	76	77	78	79	80	81	82	83	84	85	86	87	88	89	90	91	92	93	94	95	96	97	98	99	100	101	102	103	104	105	106	107	108	109	110	111	112	113	114	115	116	117	118	119	120	121	122	123	124	125	126	127	128	129	130	131	132	133	134	135	136	137	138	139	140	141	142	143	144	145	146	147	148	149	150	151	152	153	154	155	156	157	158	159	160	161	162	163	164	165	166	167	168	169	170	171	172	173	174	175	176	177	178	179	180	181	182	183	184	185	186	187	188	189	190	191
SRR1314599	3	2	6	10	6	11	9	11	12	9	25	17	12	19	11	23	15	21	30	30	22	27	19	24	23	35	38	33	18	14	21	23	27	27	27	22	31	28	18	23	27	28	33	32	32	27	20	22	15	20	27	25	32	20	22	38	30	33	28	25	24	30	32	33	31	38	56	50	48	60	120	614	6	3	5	5	3	4	6	3	6	4	3	3	3	4	4	9	7	5	4	4	4	7	1	5	4	8	6	4	10	2	6	6	6	7	10	8	8	4	1	5	7	5	5	7	8	10	2	7	4	7	8	11	7	8	5	4	6	7	5	4	12	3	4	7	8	1	2	5	4	3	6	7	9	4	7	6	3	5	8	6	7	8	7	7	8	12	7	20	22	10
	30	31	32	33	34	35	36	37	38	39	40	41	42	43	44	45	46	47	48	49	50	51	52	53	54	55	56	57	58	59	60	61	62	63	64	65	66	67	68	69	70	71	72	73	74	75	76	77	78	79	80	81	82	83	84	85	86	87	88	89	90	91	92	93	94	95	96	97	98	99	100	101	102	103	104	105	106	107	108	109	110	111	112	113	114	115	116	117	118	119	120	121	122	123	124	125	126	127	128	129	130	131	132	133	134	135	136	137	138	139	140	141	142	143	144	145	146	147	148	149	150	151	152	153	154	155	156	157	158	159	160	161	162	163	164	165	166	167	168	169	170	171	172	173	174	175	176	177	178	179	180	181	182	183	184	185	186	187	188	189	190	191
SRR1314600	4	2	3	6	5	8	5	12	8	12	11	12	12	23	25	16	14	14	17	17	16	23	15	14	18	16	18	20	23	23	16	15	22	22	26	16	18	14	25	26	17	20	18	15	21	23	26	17	20	13	27	22	21	28	21	18	22	27	33	23	31	21	26	25	26	33	29	31	38	46	111	795	5	6	6	10	6	10	10	6	8	10	9	6	2	9	5	12	9	8	9	7	11	7	2	5	11	14	6	5	10	12	11	7	4	10	18	11	11	7	4	10	7	10	9	12	4	8	5	5	4	7	9	10	9	8	8	5	9	10	6	6	8	6	14	9	9	4	3	8	8	4	6	8	7	5	8	7	6	6	6	10	9	6	3	10	8	15	9	17	26	8
	30	31	32	33	34	35	36	37	38	39	40	41	42	43	44	45	46	47	48	49	50	51	52	53	54	55	56	57	58	59	60	61	62	63	64	65	66	67	68	69	70	71	72	73	74	75	76	77	78	79	80	81	82	83	84	85	86	87	88	89	90	91	92	93	94	95	96	97	98	99	100	101	102	103	104	105	106	107	108	109	110	111	112	113	114	115	116	117	118	119	120	121	122	123	124	125	126	127	128	129	130	131	132	133	134	135	136	137	138	139	140	141	142	143	144	145	146	147	148	149	150	151	152	153	154	155	156	157	158	159	160	161	162	163	164	165	166	167	168	169	170	171	172	173	174	175	176	177	178	179	180	181	182	183	184	185	186	187	188	189	190	191
SRR1314601	5	3	2	4	1	12	6	14	9	10	14	22	14	19	19	16	14	11	21	31	19	15	16	19	34	24	28	21	16	20	18	13	26	22	29	24	26	31	28	15	24	23	27	25	20	19	28	26	20	20	24	30	30	23	20	28	28	29	26	38	27	28	39	30	39	30	35	45	49	55	113	710	9	3	8	7	6	7	8	4	7	5	8	6	1	6	6	10	8	8	8	6	7	9	2	2	9	9	4	6	9	6	8	10	7	9	12	7	8	8	5	7	6	7	8	11	6	8	4	8	5	4	9	10	9	7	5	8	5	9	6	3	6	5	10	6	10	3	2	6	6	1	7	9	7	2	8	8	6	4	9	9	5	4	4	12	8	18	17	16	32	15

