	32.7	48.7	57.7	59.7	71.7	113.7	124.7	182.7	199.7	226.7	229.7	268.7	388.7	420.7	1607.7	1641.7	1855.7	2276.7	2379.7	2609.7	2722.7	2887.7	2991.7	2996.7	3086.7	3096.7	3154.7	3242.7	3316.7	3485.7	3516.7	3954.7	4235.7	4290.7	4450.7	5160.7	5171.7	5409.7	5427.7	5735.7	6204.7	6280.7	7302.7	9254.7	9572.7	9583.7	9771.7	9957.7
SRR1313909	1.0	1.0	1.0	1.0	1.0	1.0	1.0	1.0	1.0	1.0	1.0	1.0	1.0	1.0	1.0	1.0	1.0	1.0	1.0	1.0	1.0	1.0	1.0	1.0	1.0	1.0	1.0	1.0	1.0	1.0	1.0	1.0	1.0	1.0	1.0	1.0	1.0	1.0	1.0	1.0	1.0	1.0	1.0	1.0	1.0	1.0	1.0	1.0
	31.7	38.7	39.7	43.7	56.7	67.7	70.7	75.7	76.7	82.7	85.7	120.7	137.7	138.7	161.7	205.7	208.7	216.7	222.7	223.7	245.7	302.7	313.7	336.7	355.7	387.7	400.7	550.7	554.8	711.7	743.7	746.7	802.7	811.7	834.7	845.2	868.7	892.7	924.7	935.7	975.7	1007.7	1022.7	1052.7	1087.7	1104.7	1111.7	1156.7	1173.7	1187.7	1189.7	1210.7	1425.7	1862.7	1868.7	1981.7	2065.7	2231.7	2367.7	2572.7	2760.7	2789.7	3188.8	3390.7
SRR1314242	1.0	1.0	1.0	1.0	1.0	1.0	1.0	1.0	1.0	1.0	1.0	1.0	1.0	1.0	1.0	1.0	1.0	1.0	1.0	1.0	1.0	1.0	1.0	1.0	1.0	1.0	1.0	1.0	1.0	1.0	1.0	1.0	1.0	1.0	1.0	1.0	1.0	1.0	1.0	1.0	1.0	1.0	1.0	1.0	1.0	1.0	1.0	1.0	1.0	1.0	1.0	1.0	1.0	1.0	1.0	1.0	1.0	1.0	1.0	1.0	1.0	1.0	1.0	1.0
	31.7	35.7	114.7	437.7	440.7	476.7	622.7	637.7	650.7	699.7	781.7	803.7	809.7	829.7	845.7	854.7	867.7	876.7	879.7	894.7	1004.7	1025.7	1027.7	1032.7	1056.7	1125.7	1139.7	1193.7	1203.7	1427.7	1444.7	1447.7	1537.7	1538.7	1542.7	1573.7	1648.7	1667.7	1694.7	1709.7	1736.7	1752.7	1787.7	2037.7	2057.7	2179.7	2186.7	2222.7	2321.7	2424.7	2541.7	3003.7	3026.7	3728.7	3740.7	3868.7	5111.7	5351.7	5939.7	7549.7
SRR1314243	1.0	1.0	1.0	1.0	1.0	1.0	1.0	1.0	1.0	1.0	1.0	1.0	1.0	1.0	1.0	1.0	1.0	1.0	1.0	1.0	1.0	1.0	1.0	1.0	1.0	1.0	1.0	1.0	1.0	1.0	1.0	1.0	1.0	1.0	1.0	1.0	1.0	1.0	1.0	1.0	1.0	1.0	1.0	1.0	1.0	1.0	1.0	1.0	1.0	1.0	1.0	1.0	1.0	1.0	1.0	1.0	1.0	1.0	1.0	1.0
	36.7	38.7	55.7	57.7	61.7	80.7	92.7	107.7	129.7	194.7	262.7	280.7	327.7	337.7	459.5	477.7	483.7	484.7	530.7	532.7	583.7	588.7	595.7	620.7	689.7	694.7	755.7	794.4	794.7	849.7	901.7	1012.7	1013.7	1033.7	1053.7	1319.7	1444.7	1652.7	1750.7
SRR1314599	1.0	1.0	1.0	1.0	1.0	2.0	1.0	1.0	1.0	1.0	1.0	1.0	1.0	1.0	1.0	1.0	1.0	1.0	1.0	1.0	1.0	1.0	1.0	1.0	1.0	1.0	1.0	1.0	1.0	1.0	1.0	1.0	1.0	1.0	1.0	1.0	1.0	1.0	1.0
	30.7	35.7	38.7	67.7	70.7	73.7	113.7	119.7	130.7	136.7	138.7	139.7	144.7	172.7	175.7	224.7	230.7	248.7	271.7	274.7	275.7	355.7	382.7	397.7	410.7	415.7	424.7	432.7	444.7	465.7	506.7	518.7	576.7	593.7	624.7	628.7	660.7	738.7	754.7	849.7	860.7	910.7	1042.7	1047.7	1052.7	1115.7	1116.7	1251.7	1339.7	1568.7	1890.7	1921.7
SRR1314600	1.0	1.0	1.0	1.0	2.0	1.0	1.0	1.0	1.0	1.0	1.0	1.0	1.0	1.0	1.0	1.0	1.0	1.0	2.0	1.0	1.0	1.0	1.0	1.0	1.0	1.0	1.0	1.0	1.0	1.0	1.0	1.0	1.0	1.0	1.0	1.0	1.0	1.0	1.0	1.0	1.0	1.0	1.0	1.0	1.0	1.0	1.0	1.0	1.0	1.0	1.0	1.0
	31.7	38.7	46.7	52.7	59.7	71.7	75.7	78.7	87.7	97.7	99.7	101.7	109.7	111.7	121.7	127.7	128.7	152.7	159.7	172.7	184.7	225.8	306.7	334.7	355.7	475.7	493.7	514.7	561.7	564.7	585.7	589.7	693.7	725.7	729.7	749.7	793.7	854.7	895.7	901.7	904.7	914.7	944.7	950.7	1056.7	1119.7	1176.7	1278.7	1716.7	1903.7	2028.7
SRR1314601	1.0	1.0	1.0	1.0	1.0	1.0	1.0	1.0	1.0	1.0	1.0	1.0	1.0	1.0	1.0	1.0	1.0	1.0	1.0	1.0	1.0	1.0	1.0	1.0	1.0	1.0	1.0	1.0	1.0	1.0	1.0	1.0	1.0	1.0	1.0	1.0	1.0	1.0	1.0	1.0	1.0	1.0	1.0	1.0	1.0	1.0	1.0	1.0	1.0	1.0	1.0

