	30	31	32	33	34	35	36	37	38	39	40	41	42	43	44	45	46	47	48	49	50	51	52	53	54	55	56	57	58	59	60	61	62	63	64	65	66	67	68	69	70	71	72	73	74	75	76	77	78	79	80	81	82	83	84	85	86	87	88	89	90	91	92	93	94	95	96	97	98	99	100	101	102	103	104	105	106	107	108	109	110	111	112	113	114	115	116	117	118	119	120	121	122	123	124	125	126	127	128	129	130	131	132	133	134	135	136	137	138	139	140	141	142	143	144	145	146	147	148	149	150	151	152	153	154	155	156	157	158	159	160	161	162	163	164	165	166	167	168	169	170	171	172	173	174	175	176	177	178	179	180	181	182	183	184	185	186	187	188	189	190	191
SRR1313909	36	34	64	3493	15	22	299	25	25	191	310	35	2007	37	33	29	41	41	102	60	38	3007	22	26	22	39	64	46	23	24	36	32	33	39	55	22	41	41	639	47	83	29	44	45	36	36	38	52	38	92	93	108	95	139	67	59	233	1096	476	135	222	1478	790	279	257	770	564	243	256	488	582	1264	28	41	28	30	32	34	28	35	24	23	28	22	26	27	21	25	26	28	35	30	26	21	21	29	31	36	27	24	22	23	20	22	24	24	24	27	30	41	32	37	37	35	28	25	24	27	28	31	36	34	31	35	32	41	46	35	31	30	30	35	31	24	30	24	30	29	30	35	30	30	30	27	21	24	26	23	30	34	37	39	36	40	45	35	48	66	38	61	75	43
	30	31	32	33	34	35	36	37	38	39	40	41	42	43	44	45	46	47	48	49	50	51	52	53	54	55	56	57	58	59	60	61	62	63	64	65	66	67	68	69	70	71	72	73	74	75	76	77	78	79	80	81	82	83	84	85	86	87	88	89	90	91	92	93	94	95	96	97	98	99	100	101	102	103	104	105	106	107	108	109	110	111	112	113	114	115	116	117	118	119	120	121	122	123	124	125	126	127	128	129	130	131	132	133	134	135	136	137	138	139	140	141	142	143	144	145	146	147	148	149	150	151	152	153	154	155	156	157	158	159	160	161	162	163	164	165	166	167	168	169	170	171	172	173	174	175	176	177	178	179	180	181	182	183	184	185	186	187	188	189	190	191
SRR1314212	5	3	10	4	7	19	17	15	18	13	23	17	31	23	21	17	29	18	17	19	20	40	17	22	26	26	20	34	22	24	29	22	20	32	22	21	28	34	26	24	33	28	27	36	19	18	28	24	23	24	24	24	23	29	26	29	26	26	24	29	39	29	36	29	27	35	35	34	42	63	117	753	5	5	8	7	6	10	13	18	10	12	10	6	11	8	11	8	5	10	8	19	8	9	6	10	4	9	7	8	6	9	9	10	9	9	12	12	8	8	8	10	14	3	11	6	3	9	11	6	11	12	10	7	8	8	9	12	13	7	5	5	9	8	5	5	8	3	7	8	8	7	5	11	2	4	6	9	7	5	7	6	7	11	13	7	5	12	13	19	24	8
	30	31	32	33	34	35	36	37	38	39	40	41	42	43	44	45	46	47	48	49	50	51	52	53	54	55	56	57	58	59	60	61	62	63	64	65	66	67	68	69	70	71	72	73	74	75	76	77	78	79	80	81	82	83	84	85	86	87	88	89	90	91	92	93	94	95	96	97	98	99	100	101	102	103	104	105	106	107	108	109	110	111	112	113	114	115	116	117	118	119	120	121	122	123	124	125	126	127	128	129	130	131	132	133	134	135	136	137	138	139	140	141	142	143	144	145	146	147	148	149	150	151	152	153	154	155	156	157	158	159	160	161	162	163	164	165	166	167	168	169	170	171	172	173	174	175	176	177	178	179	180	181	182	183	184	185	186	187	188	189	190	191
SRR1314213	11	7	10	14	7	19	17	22	24	26	30	35	32	32	24	35	30	31	27	43	27	30	26	33	26	31	42	24	30	34	30	30	37	34	44	31	31	19	38	35	37	38	38	37	22	40	33	32	29	36	25	37	22	31	34	39	41	29	33	38	30	32	35	36	32	39	46	47	49	53	130	556	3	2	3	3	3	4	3	6	2	4	2	4	5	6	4	2	2	5	2	7	4	9	5	2	1	7	5	7	3	4	6	6	4	3	3	6	2	5	3	8	10	3	5	6	2	6	4	4	6	11	8	3	3	6	6	6	4	6	5	4	9	4	3	4	4	1	4	3	7	5	3	6	2	4	2	4	4	2	5	6	6	6	10	6	4	12	14	22	25	7
	30	31	32	33	34	35	36	37	38	39	40	41	42	43	44	45	46	47	48	49	50	51	52	53	54	55	56	57	58	59	60	61	62	63	64	65	66	67	68	69	70	71	72	73	74	75	76	77	78	79	80	81	82	83	84	85	86	87	88	89	90	91	92	93	94	95	96	97	98	99	100	101	102	103	104	105	106	107	108	109	110	111	112	113	114	115	116	117	118	119	120	121	122	123	124	125	126	127	128	129	130	131	132	133	134	135	136	137	138	139	140	141	142	143	144	145	146	147	148	149	150	151	152	153	154	155	156	157	158	159	160	161	162	163	164	165	166	167	168	169	170	171	172	173	174	175	176	177	178	179	180	181	182	183	184	185	186	187	188	189	190	191
SRR1314214	34	20	34	320	2732	17	11	26	25	27	24	23	30	33	23	22	26	142	28	30	21	30	22	33	27	29	23	26	17	24	37	26	21	26	37	40	30	38	39	5001	38	36	30	28	25	30	39	1477	54	36	41	41	34	53	49	85	330	54	39	80	994	692	87	65	68	969	142	105	104	225	829	918	34	16	20	13	18	20	23	27	17	23	25	29	25	23	14	12	11	11	11	19	13	19	15	14	16	20	23	23	16	19	17	18	14	14	17	17	15	24	20	18	16	13	19	14	10	17	20	16	17	19	16	12	14	17	13	15	15	14	13	10	14	13	10	10	9	4	14	16	16	14	9	19	11	11	12	8	9	12	12	21	14	19	25	17	20	27	30	38	40	23
	30	31	32	33	34	35	36	37	38	39	40	41	42	43	44	45	46	47	48	49	50	51	52	53	54	55	56	57	58	59	60	61	62	63	64	65	66	67	68	69	70	71	72	73	74	75	76	77	78	79	80	81	82	83	84	85	86	87	88	89	90	91	92	93	94	95	96	97	98	99	100	101	102	104	105	106	107	108	109	110	111	112	113	114	115	116	117	118	119	120	121	122	123	124	125	126	127	128	129	130	131	132	133	134	135	136	137	138	139	140	141	142	143	144	145	147	148	149	150	151	152	153	154	155	156	157	158	159	160	161	162	163	164	165	166	167	168	169	170	171	172	173	174	175	176	177	178	179	180	181	182	183	184	185	186	187	188	189	190	191
SRR1314599	7	7	9	9	12	20	16	23	23	22	33	32	32	26	27	34	39	32	30	29	28	22	23	27	33	29	27	35	24	29	29	30	31	28	22	22	20	25	30	25	24	34	27	30	27	25	30	20	36	16	41	22	24	23	24	21	27	23	28	29	24	28	43	34	34	40	29	38	34	46	113	465	4	4	2	4	5	4	8	2	3	8	4	6	2	1	2	2	3	1	5	3	3	3	3	1	2	4	7	2	2	2	3	4	3	3	4	3	4	3	6	10	3	2	6	4	8	3	4	8	10	4	6	4	5	3	4	6	5	4	8	2	2	3	5	1	7	3	7	4	3	8	3	6	5	3	4	6	3	7	8	7	8	3	5	15	7	12	11	9
	30	31	32	33	34	35	36	37	38	39	40	41	42	43	44	45	46	47	48	49	50	51	52	53	54	55	56	57	58	59	60	61	62	63	64	65	66	67	68	69	70	71	72	73	74	75	76	77	78	79	80	81	82	83	84	85	86	87	88	89	90	91	92	93	94	95	96	97	98	99	100	101	102	103	104	105	106	107	108	109	110	111	112	113	114	115	116	117	118	119	120	121	122	123	124	125	126	127	128	129	130	131	132	133	134	135	136	137	138	139	140	141	142	143	144	145	146	147	148	149	150	151	152	153	154	155	156	157	158	159	160	161	162	163	164	165	166	167	168	169	170	171	172	173	174	175	176	177	178	179	180	181	182	183	184	185	186	187	188	189	190	191
SRR1314600	7	6	9	6	20	21	9	15	18	19	23	27	18	26	18	31	17	22	27	20	18	19	8	20	25	23	27	20	22	15	20	24	20	21	29	25	23	25	25	40	22	20	23	20	26	29	25	39	29	23	20	19	23	23	31	23	23	19	20	23	31	30	32	23	16	39	30	40	24	45	119	692	4	5	7	6	12	1	4	12	5	4	6	8	11	10	3	8	3	3	3	13	7	7	3	5	2	13	6	9	6	5	5	6	5	4	3	7	3	8	8	10	16	6	9	7	3	10	6	4	10	10	8	3	6	6	9	6	8	6	5	6	10	5	6	6	8	1	6	6	12	8	3	7	5	5	6	4	2	5	2	6	13	9	11	5	4	18	9	13	18	10
	30	31	32	33	34	35	36	37	38	39	40	41	42	43	44	45	46	47	48	49	50	51	52	53	54	55	56	57	58	59	60	61	62	63	64	65	66	67	68	69	70	71	72	73	74	75	76	77	78	79	80	81	82	83	84	85	86	87	88	89	90	91	92	93	94	95	96	97	98	99	100	101	102	103	104	105	106	107	108	109	110	111	112	113	114	115	116	117	118	119	120	121	122	123	124	125	126	127	128	129	130	131	132	133	134	135	136	137	138	139	140	141	142	143	144	145	146	147	148	149	150	151	152	153	154	155	156	157	158	159	160	161	162	163	164	165	166	167	168	169	170	171	172	173	174	175	176	177	178	179	180	181	182	183	184	185	186	187	188	189	190	191
SRR1314601	12	3	7	4	3	25	14	20	20	18	19	15	24	24	27	28	19	28	27	20	31	25	30	21	19	30	32	30	31	30	27	28	24	22	25	24	28	24	28	22	27	32	25	28	22	23	34	19	28	26	27	22	19	27	24	31	28	26	36	31	23	33	29	24	25	40	30	30	38	58	123	591	2	2	4	5	8	5	7	9	2	4	6	6	6	8	2	6	4	4	2	10	5	6	2	2	3	7	6	9	2	4	4	2	5	4	3	6	2	3	4	7	13	5	8	7	2	5	3	2	7	11	6	1	3	8	7	10	8	9	6	4	8	4	1	5	3	2	8	4	11	6	3	9	3	4	6	3	3	5	6	5	4	8	10	6	3	14	10	21	17	9

