chr1	248956422	59863419	659906
chr2	242193529	88186358	956456
chr3	198295559	51446997	232929
chr4	190214555	57796902	295629
chr5	181538259	52814433	258845
chr6	170805979	69789745	1270833
chr7	159345973	54595591	427300
chr8	145138636	44286079	610735
chr9	138394717	88625925	712560
chr10	133797422	50733110	563564
chr11	135086622	45759406	292058
chr12	133275309	36000767	176629
chr13	114364328	38789976	491135
chr14	107043718	55069711	304058
chr15	101991189	26068431	147062
chr16	90338345	24056371	400789
chr17	83257441	23259326	147349
chr18	80373285	19006868	139624
chr19	58617616	14596932	204859
chr20	64444167	16327928	111783
chr21	46709983	27502186	514170
chr22	50818468	26434176	338449
chrX	156040895	27424319	114253
chrY	57227415	12272714	185339
chrM	16569	57940	56
chr1_KI270706v1_random	175055	62193	47
chr1_KI270707v1_random	32032	12084	9
chr1_KI270708v1_random	127682	22781	11
chr1_KI270709v1_random	66860	25571	8
chr1_KI270710v1_random	40176	22901	8
chr1_KI270711v1_random	42210	30725	6
chr1_KI270712v1_random	176043	29584	12
chr1_KI270713v1_random	40745	6384	1
chr1_KI270714v1_random	41717	2891	3
chr2_KI270715v1_random	161471	3599	1
chr2_KI270716v1_random	153799	3483	2
chr3_GL000221v1_random	155397	65340	42
chr4_GL000008v2_random	209709	121561	91
chr5_GL000208v1_random	92689	33400	18
chr9_KI270717v1_random	40062	8392	3
chr9_KI270718v1_random	38054	281331	3580
chr9_KI270719v1_random	176845	43315	20
chr9_KI270720v1_random	39050	11945	8
chr11_KI270721v1_random	100316	17034	14
chr14_GL000009v2_random	201709	99892	28
chr14_GL000225v1_random	211173	362959	200
chr14_KI270722v1_random	194050	71036	57
chr14_GL000194v1_random	191469	87509	59
chr14_KI270723v1_random	38115	9262	9
chr14_KI270724v1_random	39555	13359	5
chr14_KI270725v1_random	172810	64908	27
chr14_KI270726v1_random	43739	7535	10
chr15_KI270727v1_random	448248	44838	44
chr16_KI270728v1_random	1872759	139550	123
chr17_GL000205v2_random	185591	64958	19
chr17_KI270729v1_random	280839	61971	81
chr17_KI270730v1_random	112551	39768	113
chr22_KI270731v1_random	150754	15294	39
chr22_KI270732v1_random	41543	19419	6
chr22_KI270733v1_random	179772	527785	1616
chr22_KI270734v1_random	165050	13768	41
chr22_KI270735v1_random	42811	31244	27
chr22_KI270736v1_random	181920	119891	663
chr22_KI270737v1_random	103838	9437	22
chr22_KI270738v1_random	99375	12122	12
chr22_KI270739v1_random	73985	10039	15
chrY_KI270740v1_random	37240	415	0
chrUn_KI270302v1	2274	73	0
chrUn_KI270304v1	2165	6101	6
chrUn_KI270303v1	1942	8428	5
chrUn_KI270305v1	1472	38	0
chrUn_KI270322v1	21476	1517	2
chrUn_KI270320v1	4416	1759	0
chrUn_KI270310v1	1201	10054	5
chrUn_KI270316v1	1444	16	0
chrUn_KI270315v1	2276	54	0
chrUn_KI270312v1	998	194	0
chrUn_KI270311v1	12399	271	0
chrUn_KI270317v1	37690	2404	1
chrUn_KI270412v1	1179	1828	1
chrUn_KI270411v1	2646	19852	17
chrUn_KI270414v1	2489	369	0
chrUn_KI270419v1	1029	77	0
chrUn_KI270418v1	2145	2240	0
chrUn_KI270420v1	2321	678	0
chrUn_KI270424v1	2140	644	1
chrUn_KI270417v1	2043	350	0
chrUn_KI270422v1	1445	4518	3
chrUn_KI270423v1	981	68	0
chrUn_KI270425v1	1884	291	0
chrUn_KI270429v1	1361	1164	0
chrUn_KI270442v1	392061	546840	10429
chrUn_KI270466v1	1233	22295	14
chrUn_KI270465v1	1774	11101	9
chrUn_KI270467v1	3920	80881	46
chrUn_KI270435v1	92983	77181	33
chrUn_KI270438v1	112505	69580	116
chrUn_KI270468v1	4055	636	0
chrUn_KI270510v1	2415	1223	1
chrUn_KI270509v1	2318	1388	1
chrUn_KI270518v1	2186	1940	0
chrUn_KI270508v1	1951	1997	0
chrUn_KI270516v1	1300	1059	1
chrUn_KI270512v1	22689	13226	30
chrUn_KI270519v1	138126	65360	36
chrUn_KI270522v1	5674	1827	1
chrUn_KI270511v1	8127	8664	7
chrUn_KI270515v1	6361	5351	1
chrUn_KI270507v1	5353	2654	1
chrUn_KI270517v1	3253	2194	2
chrUn_KI270529v1	1899	374	4
chrUn_KI270528v1	2983	85	0
chrUn_KI270530v1	2168	234	0
chrUn_KI270539v1	993	4	0
chrUn_KI270538v1	91309	51160	29
chrUn_KI270544v1	1202	5341	3
chrUn_KI270548v1	1599	25	0
chrUn_KI270583v1	1400	612	0
chrUn_KI270587v1	2969	1015	1
chrUn_KI270580v1	1553	684	0
chrUn_KI270581v1	7046	1365	1
chrUn_KI270579v1	31033	6224	5
chrUn_KI270589v1	44474	31339	29
chrUn_KI270590v1	4685	8714	2
chrUn_KI270584v1	4513	5398	2
chrUn_KI270582v1	6504	749	0
chrUn_KI270588v1	6158	3601	1
chrUn_KI270593v1	3041	1050	2
chrUn_KI270591v1	5796	40537	17
chrUn_KI270330v1	1652	3012	0
chrUn_KI270329v1	1040	763	0
chrUn_KI270334v1	1368	358	0
chrUn_KI270333v1	2699	14225	8
chrUn_KI270335v1	1048	212	0
chrUn_KI270338v1	1428	98	1
chrUn_KI270340v1	1428	760	0
chrUn_KI270336v1	1026	4717	3
chrUn_KI270337v1	1121	13077	4
chrUn_KI270363v1	1803	379	2
chrUn_KI270364v1	2855	863	0
chrUn_KI270362v1	3530	538	2
chrUn_KI270366v1	8320	2142	3
chrUn_KI270378v1	1048	40	0
chrUn_KI270379v1	1045	112	0
chrUn_KI270389v1	1298	74	0
chrUn_KI270390v1	2387	67	0
chrUn_KI270387v1	1537	161	0
chrUn_KI270395v1	1143	2029	0
chrUn_KI270396v1	1880	544	2
chrUn_KI270388v1	1216	18	0
chrUn_KI270394v1	970	33	0
chrUn_KI270386v1	1788	829	0
chrUn_KI270391v1	1484	2286	1
chrUn_KI270383v1	1750	791	0
chrUn_KI270393v1	1308	738	0
chrUn_KI270384v1	1658	196	0
chrUn_KI270392v1	971	43	0
chrUn_KI270381v1	1930	274	1
chrUn_KI270385v1	990	54	0
chrUn_KI270382v1	4215	71	0
chrUn_KI270376v1	1136	84	0
chrUn_KI270374v1	2656	211	2
chrUn_KI270372v1	1650	327	1
chrUn_KI270373v1	1451	290	0
chrUn_KI270375v1	2378	393	0
chrUn_KI270371v1	2805	88	0
chrUn_KI270448v1	7992	1438	0
chrUn_KI270521v1	7642	644	0
chrUn_GL000195v1	182896	88127	131
chrUn_GL000219v1	179198	280201	5763
chrUn_GL000220v1	161802	1177549	1515
chrUn_GL000224v1	179693	131626	50
chrUn_KI270741v1	157432	25793	11
chrUn_GL000226v1	15008	36717	3
chrUn_GL000213v1	164239	11107	13
chrUn_KI270743v1	210658	46057	34
chrUn_KI270744v1	168472	69452	27
chrUn_KI270745v1	41891	6057	2
chrUn_KI270746v1	66486	50607	27
chrUn_KI270747v1	198735	13243	25
chrUn_KI270748v1	93321	13092	12
chrUn_KI270749v1	158759	53341	9
chrUn_KI270750v1	148850	73540	43
chrUn_KI270751v1	150742	148975	55
chrUn_KI270752v1	27745	38	4
chrUn_KI270753v1	62944	10946	8
chrUn_KI270754v1	40191	11893	11
chrUn_KI270755v1	36723	1208	1
chrUn_KI270756v1	79590	7218	39
chrUn_KI270757v1	71251	73769	34
chrUn_GL000214v1	137718	56816	29
chrUn_KI270742v1	186739	119521	63
chrUn_GL000216v2	176608	151940	145
chrUn_GL000218v1	161147	64335	22
chrEBV	171823	35	6
*	0	0	36209988
