------------------------------------------------------------------------------------------------------------------------------------------------------------------------
  Bin Id                Marker lineage        # genomes   # markers   # marker sets    0     1    2   3   4   5+   Completeness   Contamination   Strain heterogeneity
------------------------------------------------------------------------------------------------------------------------------------------------------------------------
  spades_bins.10   g__Pseudomonas (UID4550)       78         1044          368        446   594   4   0   0   0       58.40            0.53               0.00
  spades_bins.6     k__Bacteria (UID1453)        901         171           117        127    36   6   2   0   0       22.80            5.84               0.00
  spades_bins.13     k__Bacteria (UID203)        5449        104            58         88    13   3   0   0   0       22.41            5.17              33.33
  spades_bins.8      k__Bacteria (UID203)        5449        104            58         87    17   0   0   0   0       19.83            0.00               0.00
  spades_bins.14     k__Bacteria (UID203)        5449        103            57        100    3    0   0   0   0        5.26            0.00               0.00
  spades_bins.3      k__Bacteria (UID203)        5449        104            58        101    3    0   0   0   0        5.17            0.00               0.00
  spades_bins.1          root (UID1)             5656         56            24         55    1    0   0   0   0        4.17            0.00               0.00
  spades_bins.2      k__Bacteria (UID203)        5449        104            58        100    4    0   0   0   0        3.76            0.00               0.00
  spades_bins.7      k__Bacteria (UID203)        5449        103            57         99    4    0   0   0   0        3.51            0.00               0.00
  spades_bins.5      k__Bacteria (UID203)        5449        104            58        103    1    0   0   0   0        0.16            0.00               0.00
  spades_bins.9          root (UID1)             5656         56            24         56    0    0   0   0   0        0.00            0.00               0.00
  spades_bins.4          root (UID1)             5656         56            24         56    0    0   0   0   0        0.00            0.00               0.00
  spades_bins.16         root (UID1)             5656         56            24         56    0    0   0   0   0        0.00            0.00               0.00
  spades_bins.15         root (UID1)             5656         56            24         56    0    0   0   0   0        0.00            0.00               0.00
  spades_bins.12         root (UID1)             5656         56            24         56    0    0   0   0   0        0.00            0.00               0.00
  spades_bins.11         root (UID1)             5656         56            24         56    0    0   0   0   0        0.00            0.00               0.00
------------------------------------------------------------------------------------------------------------------------------------------------------------------------
