------------------------------------------------------------------------------------------------------------------------------------------------------------------------------------
  Bin Id                     Marker lineage           # genomes   # markers   # marker sets    0     1     2    3    4    5+   Completeness   Contamination   Strain heterogeneity
------------------------------------------------------------------------------------------------------------------------------------------------------------------------------------
  megahit_bins.16        k__Bacteria (UID2565)           2921        144            89         56    83    5    0    0    0       62.09            5.62              20.00
  megahit_bins.15         g__Bacillus (UID856)           101         682           227        274   230   114   50   13   1       60.81           39.12               5.11
  megahit_bins.5          k__Bacteria (UID203)           5449        104            58         64    35    5    0    0    0       54.45            8.62              20.00
  megahit_bins.14         k__Bacteria (UID203)           5449        104            58         46    39    19   0    0    0       50.75            9.92               0.00
  megahit_bins.6          k__Bacteria (UID203)           5449        104            58         64    27    13   0    0    0       44.20           10.97               7.69
  megahit_bins.8          k__Bacteria (UID203)           5449        104            58         73    31    0    0    0    0       42.24            0.00               0.00
  megahit_bins.9         k__Bacteria (UID1452)           924         161           108         96    65    0    0    0    0       39.97            0.00               0.00
  megahit_bins.10   c__Betaproteobacteria (UID3888)      323         387           234        347    40    0    0    0    0       11.89            0.00               0.00
  megahit_bins.4          k__Bacteria (UID203)           5449        103            57         98    5     0    0    0    0        6.14            0.00               0.00
  megahit_bins.2              root (UID1)                5656         56            24         55    1     0    0    0    0        4.17            0.00               0.00
  megahit_bins.13             root (UID1)                5656         56            24         55    1     0    0    0    0        4.17            0.00               0.00
  megahit_bins.12             root (UID1)                5656         56            24         55    1     0    0    0    0        4.17            0.00               0.00
  megahit_bins.7              root (UID1)                5656         56            24         56    0     0    0    0    0        0.00            0.00               0.00
  megahit_bins.3              root (UID1)                5656         56            24         56    0     0    0    0    0        0.00            0.00               0.00
  megahit_bins.11             root (UID1)                5656         56            24         56    0     0    0    0    0        0.00            0.00               0.00
  megahit_bins.1              root (UID1)                5656         56            24         56    0     0    0    0    0        0.00            0.00               0.00
------------------------------------------------------------------------------------------------------------------------------------------------------------------------------------
