chr1	248956422	6202963	498211
chr2	242193529	4407739	546080
chr3	198295559	5478654	476156
chr4	190214555	5299916	349193
chr5	181538259	3013304	395140
chr6	170805979	2948631	493504
chr7	159345973	12688316	582997
chr8	145138636	2479518	271217
chr9	138394717	2074192	290842
chr10	133797422	4780122	376353
chr11	135086622	2387585	246811
chr12	133275309	3017807	294027
chr13	114364328	1628914	284800
chr14	107043718	2197422	204525
chr15	101991189	2491901	378979
chr16	90338345	1141268	157829
chr17	83257441	1180309	136504
chr18	80373285	1569027	256136
chr19	58617616	1549972	112767
chr20	64444167	2075164	243619
chr21	46709983	6704247	174187
chr22	50818468	1725026	66416
chrX	156040895	2998514	293931
chrY	57227415	251594	20986
chrM	16569	25464	41
chr1_KI270706v1_random	175055	1190	47
chr1_KI270707v1_random	32032	297	30
chr1_KI270708v1_random	127682	297	23
chr1_KI270709v1_random	66860	3672	7
chr1_KI270710v1_random	40176	271	13
chr1_KI270711v1_random	42210	15547	42
chr1_KI270712v1_random	176043	1206	116
chr1_KI270713v1_random	40745	492	1
chr1_KI270714v1_random	41717	332	7
chr2_KI270715v1_random	161471	550	0
chr2_KI270716v1_random	153799	500	0
chr3_GL000221v1_random	155397	1234	49
chr4_GL000008v2_random	209709	2353	20
chr5_GL000208v1_random	92689	2416	2
chr9_KI270717v1_random	40062	183	1
chr9_KI270718v1_random	38054	1960	51
chr9_KI270719v1_random	176845	969	24
chr9_KI270720v1_random	39050	210	11
chr11_KI270721v1_random	100316	470	25
chr14_GL000009v2_random	201709	1276	11
chr14_GL000225v1_random	211173	301831	531
chr14_KI270722v1_random	194050	1024	37
chr14_GL000194v1_random	191469	1786	74
chr14_KI270723v1_random	38115	384	6
chr14_KI270724v1_random	39555	283	1
chr14_KI270725v1_random	172810	1304	56
chr14_KI270726v1_random	43739	98	0
chr15_KI270727v1_random	448248	32017	308
chr16_KI270728v1_random	1872759	9361	2174
chr17_GL000205v2_random	185591	1846	125
chr17_KI270729v1_random	280839	14095	65
chr17_KI270730v1_random	112551	2380	7
chr22_KI270731v1_random	150754	2317	43
chr22_KI270732v1_random	41543	416	9
chr22_KI270733v1_random	179772	876873	7306
chr22_KI270734v1_random	165050	1850	37
chr22_KI270735v1_random	42811	1019	4
chr22_KI270736v1_random	181920	6790	22
chr22_KI270737v1_random	103838	898	5
chr22_KI270738v1_random	99375	389	28
chr22_KI270739v1_random	73985	251	1
chrY_KI270740v1_random	37240	6	0
chrUn_KI270302v1	2274	0	0
chrUn_KI270304v1	2165	804	0
chrUn_KI270303v1	1942	868	1
chrUn_KI270305v1	1472	2	0
chrUn_KI270322v1	21476	71	1
chrUn_KI270320v1	4416	44	0
chrUn_KI270310v1	1201	1521	1
chrUn_KI270316v1	1444	0	0
chrUn_KI270315v1	2276	4	0
chrUn_KI270312v1	998	19	0
chrUn_KI270311v1	12399	30	0
chrUn_KI270317v1	37690	243	1
chrUn_KI270412v1	1179	743	2
chrUn_KI270411v1	2646	36242	44
chrUn_KI270414v1	2489	11	1
chrUn_KI270419v1	1029	4	0
chrUn_KI270418v1	2145	268	0
chrUn_KI270420v1	2321	74	0
chrUn_KI270424v1	2140	10	0
chrUn_KI270417v1	2043	10	0
chrUn_KI270422v1	1445	809	0
chrUn_KI270423v1	981	2	0
chrUn_KI270425v1	1884	4	0
chrUn_KI270429v1	1361	14	0
chrUn_KI270442v1	392061	27152	3622
chrUn_KI270466v1	1233	237	0
chrUn_KI270465v1	1774	1068	3
chrUn_KI270467v1	3920	1027	1
chrUn_KI270435v1	92983	1314	2
chrUn_KI270438v1	112505	11956	14
chrUn_KI270468v1	4055	22	0
chrUn_KI270510v1	2415	46	0
chrUn_KI270509v1	2318	34	0
chrUn_KI270518v1	2186	44	0
chrUn_KI270508v1	1951	45	0
chrUn_KI270516v1	1300	22	0
chrUn_KI270512v1	22689	312	2
chrUn_KI270519v1	138126	1292	2
chrUn_KI270522v1	5674	69	0
chrUn_KI270511v1	8127	98	0
chrUn_KI270515v1	6361	82	0
chrUn_KI270507v1	5353	41	0
chrUn_KI270517v1	3253	66	0
chrUn_KI270529v1	1899	51	0
chrUn_KI270528v1	2983	2	0
chrUn_KI270530v1	2168	0	0
chrUn_KI270539v1	993	0	0
chrUn_KI270538v1	91309	1278	31
chrUn_KI270544v1	1202	809	0
chrUn_KI270548v1	1599	0	0
chrUn_KI270583v1	1400	14	0
chrUn_KI270587v1	2969	10	0
chrUn_KI270580v1	1553	12	0
chrUn_KI270581v1	7046	34	0
chrUn_KI270579v1	31033	91	0
chrUn_KI270589v1	44474	773	3
chrUn_KI270590v1	4685	136	0
chrUn_KI270584v1	4513	88	0
chrUn_KI270582v1	6504	65	18
chrUn_KI270588v1	6158	75	0
chrUn_KI270593v1	3041	36	0
chrUn_KI270591v1	5796	398	1
chrUn_KI270330v1	1652	316	1
chrUn_KI270329v1	1040	34	0
chrUn_KI270334v1	1368	6	0
chrUn_KI270333v1	2699	156	1
chrUn_KI270335v1	1048	8	0
chrUn_KI270338v1	1428	2	0
chrUn_KI270340v1	1428	24	0
chrUn_KI270336v1	1026	49	1
chrUn_KI270337v1	1121	138	0
chrUn_KI270363v1	1803	6	0
chrUn_KI270364v1	2855	20	0
chrUn_KI270362v1	3530	12	0
chrUn_KI270366v1	8320	42	0
chrUn_KI270378v1	1048	2	0
chrUn_KI270379v1	1045	4	0
chrUn_KI270389v1	1298	0	0
chrUn_KI270390v1	2387	6	0
chrUn_KI270387v1	1537	2	0
chrUn_KI270395v1	1143	94	0
chrUn_KI270396v1	1880	22	0
chrUn_KI270388v1	1216	0	0
chrUn_KI270394v1	970	0	0
chrUn_KI270386v1	1788	43	0
chrUn_KI270391v1	1484	80	0
chrUn_KI270383v1	1750	33	0
chrUn_KI270393v1	1308	14	0
chrUn_KI270384v1	1658	5	1
chrUn_KI270392v1	971	0	0
chrUn_KI270381v1	1930	12	0
chrUn_KI270385v1	990	2	0
chrUn_KI270382v1	4215	8	0
chrUn_KI270376v1	1136	0	0
chrUn_KI270374v1	2656	8	0
chrUn_KI270372v1	1650	6	0
chrUn_KI270373v1	1451	4	0
chrUn_KI270375v1	2378	10	0
chrUn_KI270371v1	2805	2	0
chrUn_KI270448v1	7992	47	0
chrUn_KI270521v1	7642	30	0
chrUn_GL000195v1	182896	1899	195
chrUn_GL000219v1	179198	3040	109
chrUn_GL000220v1	161802	1411655	9361
chrUn_GL000224v1	179693	5016	42
chrUn_KI270741v1	157432	529	2
chrUn_GL000226v1	15008	1633	0
chrUn_GL000213v1	164239	398	46
chrUn_KI270743v1	210658	1049	56
chrUn_KI270744v1	168472	5258	872
chrUn_KI270745v1	41891	234	2
chrUn_KI270746v1	66486	674	44
chrUn_KI270747v1	198735	524	35
chrUn_KI270748v1	93321	682	80
chrUn_KI270749v1	158759	962	25
chrUn_KI270750v1	148850	12329	112
chrUn_KI270751v1	150742	2656	198
chrUn_KI270752v1	27745	49	17
chrUn_KI270753v1	62944	334	12
chrUn_KI270754v1	40191	1570	281
chrUn_KI270755v1	36723	60	0
chrUn_KI270756v1	79590	898	5
chrUn_KI270757v1	71251	1382	0
chrUn_GL000214v1	137718	5702	1002
chrUn_KI270742v1	186739	1721	23
chrUn_GL000216v2	176608	140334	175
chrUn_GL000218v1	161147	1860	160
chrEBV	171823	28	7
*	0	0	602352264
