----------------------------------------------------------------------------------------------------------------------------------------------------------------------------
  Bin Id                Marker lineage        # genomes   # markers   # marker sets    0     1     2    3    4    5+   Completeness   Contamination   Strain heterogeneity
----------------------------------------------------------------------------------------------------------------------------------------------------------------------------
  spades_bins.4    g__Pseudomonas (UID4550)       78         1044          368         7    1027   9    1    0    0       99.42            1.51               0.00
  spades_bins.8      k__Bacteria (UID203)        5449        103            57         1     12    21   23   24   22      99.12           258.18             16.28
  spades_bins.12    k__Bacteria (UID3187)        2258        182           112         37   132    10   3    0    0       84.23           10.32              21.05
  spades_bins.6      k__Bacteria (UID203)        5449        103            57         63    31    9    0    0    0       57.02           14.04               0.00
  spades_bins.13      k__Archaea (UID2)          207         149           107        123    23    3    0    0    0       12.09            0.46               0.00
  spades_bins.9      k__Bacteria (UID203)        5449        103            57         96    7     0    0    0    0       10.53            0.00               0.00
  spades_bins.15     k__Bacteria (UID203)        5449        104            58         98    6     0    0    0    0       10.34            0.00               0.00
  spades_bins.1       k__Archaea (UID2)          207         149           107        136    13    0    0    0    0        9.66            0.00               0.00
  spades_bins.5       k__Archaea (UID2)          207         149           107        135    11    3    0    0    0        9.50            1.24              33.33
  spades_bins.10     k__Bacteria (UID203)        5449        103            57         99    3     1    0    0    0        7.02            1.75               0.00
  spades_bins.14     k__Bacteria (UID203)        5449        104            58        100    3     0    1    0    0        2.38            3.45              66.67
  spades_bins.7          root (UID1)             5656         56            24         56    0     0    0    0    0        0.00            0.00               0.00
  spades_bins.3          root (UID1)             5656         56            24         56    0     0    0    0    0        0.00            0.00               0.00
  spades_bins.2          root (UID1)             5656         56            24         56    0     0    0    0    0        0.00            0.00               0.00
  spades_bins.11         root (UID1)             5656         56            24         56    0     0    0    0    0        0.00            0.00               0.00
----------------------------------------------------------------------------------------------------------------------------------------------------------------------------
