--------------------------------------------------------------------------------------------------------------------------------------------------------------------------
  Bin Id                 Marker lineage        # genomes   # markers   # marker sets    0     1    2    3   4   5+   Completeness   Contamination   Strain heterogeneity
--------------------------------------------------------------------------------------------------------------------------------------------------------------------------
  megahit_bins.1    g__Pseudomonas (UID4550)       78         1044          368        261   769   12   2   0   0       75.71            1.94               5.56
  megahit_bins.2     k__Bacteria (UID1453)        901         171           117         90    61   16   3   0   1       41.92           14.39               5.71
  megahit_bins.16     k__Bacteria (UID203)        5449        103            57         88    13   2    0   0   0       22.81            3.51               0.00
  megahit_bins.11     k__Bacteria (UID203)        5449        104            58         85    19   0    0   0   0       21.55            0.00               0.00
  megahit_bins.10     k__Bacteria (UID203)        5449        104            58         94    10   0    0   0   0       15.52            0.00               0.00
  megahit_bins.9      k__Bacteria (UID203)        5449        103            57         97    6    0    0   0   0        7.89            0.00               0.00
  megahit_bins.7      k__Bacteria (UID203)        5449        104            58        101    3    0    0   0   0        5.17            0.00               0.00
  megahit_bins.12     k__Bacteria (UID203)        5449        103            57         97    6    0    0   0   0        4.34            0.00               0.00
  megahit_bins.3          root (UID1)             5656         56            24         55    1    0    0   0   0        4.17            0.00               0.00
  megahit_bins.17         root (UID1)             5656         56            24         55    1    0    0   0   0        4.17            0.00               0.00
  megahit_bins.5      k__Bacteria (UID203)        5449        104            58        103    1    0    0   0   0        0.16            0.00               0.00
  megahit_bins.8          root (UID1)             5656         56            24         56    0    0    0   0   0        0.00            0.00               0.00
  megahit_bins.6          root (UID1)             5656         56            24         56    0    0    0   0   0        0.00            0.00               0.00
  megahit_bins.4          root (UID1)             5656         56            24         56    0    0    0   0   0        0.00            0.00               0.00
  megahit_bins.18         root (UID1)             5656         56            24         56    0    0    0   0   0        0.00            0.00               0.00
  megahit_bins.15         root (UID1)             5656         56            24         56    0    0    0   0   0        0.00            0.00               0.00
  megahit_bins.14         root (UID1)             5656         56            24         56    0    0    0   0   0        0.00            0.00               0.00
  megahit_bins.13         root (UID1)             5656         56            24         56    0    0    0   0   0        0.00            0.00               0.00
--------------------------------------------------------------------------------------------------------------------------------------------------------------------------
