--------------------------------------------------------------------------------------------------------------------------------------------------------------------------
  Bin Id                 Marker lineage         # genomes   # markers   # marker sets    0    1    2    3   4   5+   Completeness   Contamination   Strain heterogeneity
--------------------------------------------------------------------------------------------------------------------------------------------------------------------------
  spades_bins.9      k__Bacteria (UID2565)         2921        144            89         85   59   0    0   0   0       39.90            0.00               0.00
  spades_bins.8    p__Bacteroidetes (UID2591)      364         303           203        193   84   24   2   0   0       37.05           10.34              13.33
  spades_bins.7       k__Bacteria (UID203)         5449        104            58         89   15   0    0   0   0       19.12            0.00               0.00
  spades_bins.1      k__Bacteria (UID1452)         924         161           108        124   37   0    0   0   0       18.61            0.00               0.00
  spades_bins.5      k__Bacteria (UID3187)         2258        188           117        144   42   2    0   0   0       18.22            1.71               0.00
  spades_bins.4           root (UID1)              5656         56            24         50   3    3    0   0   0       12.50            3.12              100.00
  spades_bins.2       k__Bacteria (UID203)         5449        104            58         98   6    0    0   0   0        8.62            0.00               0.00
  spades_bins.6           root (UID1)              5656         56            24         55   1    0    0   0   0        4.17            0.00               0.00
  spades_bins.3           root (UID1)              5656         56            24         55   1    0    0   0   0        4.17            0.00               0.00
  spades_bins.10          root (UID1)              5656         56            24         55   1    0    0   0   0        4.17            0.00               0.00
  spades_bins.13          root (UID1)              5656         56            24         56   0    0    0   0   0        0.00            0.00               0.00
  spades_bins.12          root (UID1)              5656         56            24         56   0    0    0   0   0        0.00            0.00               0.00
  spades_bins.11          root (UID1)              5656         56            24         56   0    0    0   0   0        0.00            0.00               0.00
--------------------------------------------------------------------------------------------------------------------------------------------------------------------------
