	21.0	22.0	23.0	24.0	25.0	26.0	27.0	28.0	29.0	30.0	31.0	32.0	33.0	34.0	35.0	36.0	37.0
SRR20458000_1_filtered_lt130bp	1.0	5.0	165.0	1469.0	6139.0	12416.0	20232.0	29026.0	39758.0	51194.0	64364.0	78546.0	98885.0	125795.0	187515.0	504637.0	427619.0
	20.0	21.0	22.0	23.0	24.0	25.0	26.0	27.0	28.0	29.0	30.0	31.0	32.0	33.0	34.0	35.0	36.0	37.0
SRR20458000_2_filtered_lt130bp	1.0	4.0	18.0	222.0	1407.0	4768.0	8843.0	14700.0	21464.0	31449.0	41894.0	55158.0	70992.0	97282.0	139369.0	246147.0	602855.0	311193.0
	22.0	23.0	24.0	25.0	26.0	27.0	28.0	29.0	30.0	31.0	32.0	33.0	34.0	35.0	36.0	37.0
SRR20755928_1_filtered_lt130bp	12.0	135.0	1143.0	6591.0	19543.0	41561.0	71121.0	110347.0	155380.0	211834.0	276536.0	370550.0	502168.0	836190.0	2113925.0	1291055.0
	20.0	21.0	22.0	23.0	24.0	25.0	26.0	27.0	28.0	29.0	30.0	31.0	32.0	33.0	34.0	35.0	36.0	37.0
SRR20755928_2_filtered_lt130bp	3.0	6.0	33.0	267.0	1811.0	7103.0	15663.0	29324.0	46344.0	71450.0	101328.0	144228.0	204255.0	309539.0	508773.0	1045387.0	2423998.0	1098579.0
	22.0	23.0	24.0	25.0	26.0	27.0	28.0	29.0	30.0	31.0	32.0	33.0	34.0	35.0	36.0	37.0
SRR21031366_1_filtered_lt130bp	2.0	84.0	1118.0	4944.0	10183.0	16620.0	23162.0	29794.0	36032.0	44298.0	54464.0	70824.0	96051.0	167885.0	542268.0	361446.0
	21.0	22.0	23.0	24.0	25.0	26.0	27.0	28.0	29.0	30.0	31.0	32.0	33.0	34.0	35.0	36.0	37.0
SRR21031366_2_filtered_lt130bp	4.0	21.0	147.0	1152.0	4093.0	7481.0	11963.0	16622.0	22558.0	28284.0	36418.0	47199.0	67557.0	105876.0	218769.0	604007.0	287024.0

