	19.0	20.0	21.0	22.0	23.0	24.0	25.0	26.0	27.0	28.0	29.0	30.0	31.0	32.0	33.0	34.0	35.0	36.0	37.0
SRR20458000_1	8.0	750.0	23961.0	151653.0	342402.0	539139.0	806415.0	1144382.0	1523254.0	1935581.0	2466820.0	3175593.0	4118972.0	5447580.0	7529313.0	11965960.0	30073597.0	361211845.0	69243020.0
	18.0	19.0	20.0	21.0	22.0	23.0	24.0	25.0	26.0	27.0	28.0	29.0	30.0	31.0	32.0	33.0	34.0	35.0	36.0	37.0
SRR20458000_2	21.0	232.0	3473.0	65189.0	464224.0	919700.0	1252859.0	1557116.0	1813867.0	2063927.0	2384054.0	2876528.0	3594069.0	4719770.0	6665328.0	10620872.0	21566545.0	69596617.0	342643876.0	28891978.0
	20.0	21.0	22.0	23.0	24.0	25.0	26.0	27.0	28.0	29.0	30.0	31.0	32.0	33.0	34.0	35.0	36.0	37.0
SRR20755928_1	1.0	48.0	1376.0	35782.0	342122.0	1120153.0	1822294.0	2560873.0	3494192.0	4709158.0	6226178.0	8165956.0	10859866.0	15139433.0	24034697.0	56718082.0	449196825.0	63362330.0
	19.0	20.0	21.0	22.0	23.0	24.0	25.0	26.0	27.0	28.0	29.0	30.0	31.0	32.0	33.0	34.0	35.0	36.0	37.0
SRR20755928_2	6.0	133.0	556.0	4434.0	92053.0	917865.0	2534926.0	3424322.0	4146556.0	5003739.0	6097454.0	7542153.0	9610067.0	12952058.0	19028361.0	33201742.0	86838987.0	418180823.0	38213131.0
	12.0	13.0	14.0	15.0	16.0	17.0	18.0	19.0	20.0	21.0	22.0	23.0	24.0	25.0	26.0	27.0	28.0	29.0	30.0	31.0	32.0	33.0	34.0	35.0	36.0	37.0
SRR21031366_1	2.0	20.0	407.0	2601.0	6888.0	11409.0	16058.0	20101.0	24523.0	51153.0	166345.0	319010.0	511450.0	815169.0	1249110.0	1831229.0	2593721.0	3572972.0	4726070.0	6146904.0	8033707.0	11024558.0	17760114.0	45939132.0	403519631.0	53323036.0
	11.0	12.0	13.0	14.0	15.0	16.0	17.0	18.0	19.0	20.0	21.0	22.0	23.0	24.0	25.0	26.0	27.0	28.0	29.0	30.0	31.0	32.0	33.0	34.0	35.0	36.0	37.0
SRR21031366_2	105.0	3443.0	12176.0	16828.0	17033.0	17118.0	18645.0	21155.0	25877.0	36990.0	94745.0	380172.0	723637.0	996025.0	1247146.0	1482147.0	1782308.0	2182754.0	2771202.0	3597707.0	4867266.0	7015053.0	11227646.0	22523510.0	72844982.0	393607012.0	34152638.0

