	0.0	1000.0	2000.0	3000.0	4000.0	5000.0	6000.0	7000.0	8000.0	9000.0
momia1	0.0	857.0	1656.0	2430.0	3184.0	3927.0	4658.0	5378.0	6090.0	6794.0
	0.0	1000.0	2000.0	3000.0	4000.0	5000.0	6000.0	7000.0	8000.0
momia3	0.0	945.0	1835.0	2701.0	3544.0	4371.0	5179.0	5973.0	6752.0
	0.0	1000.0	2000.0	3000.0	4000.0	5000.0	6000.0	7000.0	8000.0	9000.0	10000.0	11000.0	12000.0	13000.0
momia5	0.0	998.0	1984.0	2967.0	3943.0	4915.0	5885.0	6850.0	7810.0	8768.0	9721.0	10673.0	11620.0	12563.0
	0.0	1000.0	2000.0	3000.0
momia6	0.0	986.0	1955.0	2913.0
	0	12300.0
a perfect library where each read is unique	0	12300.0

