	21.0	22.0	23.0	24.0	25.0	26.0	27.0	28.0	29.0	30.0	31.0	32.0	33.0	34.0	35.0	36.0	37.0
SRR20458000_1_filtered_lt120bp	1.0	4.0	121.0	1017.0	4358.0	9111.0	15590.0	22848.0	32015.0	42141.0	53744.0	66810.0	86317.0	111562.0	169862.0	464597.0	417885.0
	20.0	21.0	22.0	23.0	24.0	25.0	26.0	27.0	28.0	29.0	30.0	31.0	32.0	33.0	34.0	35.0	36.0	37.0
SRR20458000_2_filtered_lt120bp	1.0	4.0	16.0	179.0	1109.0	3716.0	6924.0	11847.0	17560.0	25927.0	34853.0	46517.0	61053.0	85339.0	123915.0	222371.0	552136.0	304516.0
	22.0	23.0	24.0	25.0	26.0	27.0	28.0	29.0	30.0	31.0	32.0	33.0	34.0	35.0	36.0	37.0
SRR20755928_1_filtered_lt120bp	11.0	103.0	721.0	3937.0	12136.0	27779.0	51101.0	83799.0	121697.0	171370.0	228928.0	312784.0	432943.0	744901.0	1948660.0	1270958.0
	20.0	21.0	22.0	23.0	24.0	25.0	26.0	27.0	28.0	29.0	30.0	31.0	32.0	33.0	34.0	35.0	36.0	37.0
SRR20755928_2_filtered_lt120bp	2.0	5.0	28.0	215.0	1316.0	5069.0	11121.0	21415.0	34750.0	55218.0	80469.0	117274.0	169124.0	261271.0	438244.0	927523.0	2210342.0	1078442.0
	22.0	23.0	24.0	25.0	26.0	27.0	28.0	29.0	30.0	31.0	32.0	33.0	34.0	35.0	36.0	37.0
SRR21031366_1_filtered_lt120bp	1.0	63.0	737.0	3299.0	6936.0	11689.0	16846.0	22497.0	28322.0	35809.0	45426.0	60598.0	83958.0	150097.0	493691.0	354216.0
	21.0	22.0	23.0	24.0	25.0	26.0	27.0	28.0	29.0	30.0	31.0	32.0	33.0	34.0	35.0	36.0	37.0
SRR21031366_2_filtered_lt120bp	3.0	19.0	124.0	928.0	3116.0	5694.0	9148.0	12733.0	17397.0	21957.0	28965.0	38894.0	57292.0	92219.0	195260.0	549158.0	281278.0

