	3.0	4.0	5.0	6.0	7.0	8.0	9.0	10.0	11.0	12.0	13.0	14.0	15.0	16.0	17.0	18.0	19.0	20.0	21.0	22.0	23.0	24.0	25.0	26.0	27.0	28.0	29.0	30.0	31.0	32.0	33.0	34.0	35.0	36.0	37.0	38.0	39.0	40.0	41.0
SRR1313909_1	1.0	2.0	11.0	49.0	163.0	316.0	544.0	767.0	1147.0	1651.0	3631.0	4369.0	2947.0	3842.0	5821.0	6500.0	10787.0	17098.0	23803.0	32403.0	45593.0	63333.0	85679.0	118725.0	158249.0	205024.0	272107.0	354788.0	440438.0	571085.0	739144.0	1053821.0	1561512.0	2461717.0	4183152.0	4962465.0	3869803.0	3863069.0	2217053.0
	4.0	5.0	6.0	7.0	8.0	9.0	10.0	11.0	12.0	13.0	14.0	15.0	16.0	17.0	18.0	19.0	20.0	21.0	22.0	23.0	24.0	25.0	26.0	27.0	28.0	29.0	30.0	31.0	32.0	33.0	34.0	35.0	36.0	37.0	38.0	39.0	40.0	41.0
SRR1314212_1	2.0	15.0	41.0	131.0	270.0	418.0	747.0	1097.0	1504.0	2061.0	2629.0	3354.0	3868.0	4979.0	7315.0	12798.0	19421.0	24797.0	30260.0	36654.0	47158.0	59444.0	76860.0	100067.0	126629.0	162098.0	211556.0	273844.0	350753.0	443969.0	602497.0	884592.0	1383869.0	2131598.0	3024358.0	3976081.0	5631071.0	5631948.0
	4.0	5.0	6.0	7.0	8.0	9.0	10.0	11.0	12.0	13.0	14.0	15.0	16.0	17.0	18.0	19.0	20.0	21.0	22.0	23.0	24.0	25.0	26.0	27.0	28.0	29.0	30.0	31.0	32.0	33.0	34.0	35.0	36.0	37.0	38.0	39.0	40.0	41.0
SRR1314213_1	3.0	4.0	20.0	76.0	171.0	286.0	428.0	539.0	724.0	1017.0	1306.0	1767.0	2699.0	6421.0	6519.0	16108.0	27808.0	38089.0	48517.0	57677.0	70506.0	88596.0	113860.0	146912.0	186769.0	239769.0	297647.0	381426.0	475273.0	618036.0	843702.0	1262223.0	2134692.0	3767987.0	5191024.0	2719307.0	1753491.0	457804.0
	4.0	5.0	6.0	7.0	8.0	9.0	10.0	11.0	12.0	13.0	14.0	15.0	16.0	17.0	18.0	19.0	20.0	21.0	22.0	23.0	24.0	25.0	26.0	27.0	28.0	29.0	30.0	31.0	32.0	33.0	34.0	35.0	36.0	37.0	38.0	39.0	40.0	41.0
SRR1314214_1	3.0	10.0	53.0	146.0	290.0	500.0	690.0	1020.0	1376.0	1901.0	2324.0	2712.0	3405.0	4218.0	6449.0	12633.0	19976.0	27217.0	34193.0	42354.0	53335.0	69955.0	93001.0	121279.0	159735.0	222633.0	303107.0	369947.0	464948.0	583137.0	763300.0	1078436.0	1569660.0	2481039.0	3871277.0	3594954.0	3978283.0	3138496.0
	4.0	5.0	6.0	7.0	8.0	9.0	10.0	11.0	12.0	13.0	14.0	15.0	16.0	17.0	18.0	19.0	20.0	21.0	22.0	23.0	24.0	25.0	26.0	27.0	28.0	29.0	30.0	31.0	32.0	33.0	34.0	35.0	36.0	37.0	38.0	39.0	40.0	41.0
SRR1314599_1	1.0	6.0	44.0	155.0	270.0	434.0	772.0	1080.0	1418.0	2021.0	2904.0	2993.0	3645.0	4341.0	6292.0	11759.0	18063.0	22788.0	25930.0	29655.0	35435.0	43884.0	55320.0	69994.0	87301.0	106537.0	128621.0	158184.0	196015.0	253070.0	348281.0	528350.0	765818.0	779820.0	872072.0	1489161.0	2977979.0	6431967.0
	5.0	6.0	7.0	8.0	9.0	10.0	11.0	12.0	13.0	14.0	15.0	16.0	17.0	18.0	19.0	20.0	21.0	22.0	23.0	24.0	25.0	26.0	27.0	28.0	29.0	30.0	31.0	32.0	33.0	34.0	35.0	36.0	37.0	38.0	39.0	40.0	41.0
SRR1314600_1	12.0	60.0	164.0	342.0	586.0	960.0	1387.0	1870.0	2469.0	3099.0	3887.0	4687.0	5603.0	7658.0	12524.0	18037.0	22923.0	27280.0	32279.0	39941.0	49189.0	62293.0	80749.0	100502.0	124429.0	151269.0	191512.0	239383.0	309531.0	439926.0	649921.0	970442.0	1259184.0	1581311.0	2685340.0	4649432.0	6119778.0
	3.0	4.0	5.0	6.0	7.0	8.0	9.0	10.0	11.0	12.0	13.0	14.0	15.0	16.0	17.0	18.0	19.0	20.0	21.0	22.0	23.0	24.0	25.0	26.0	27.0	28.0	29.0	30.0	31.0	32.0	33.0	34.0	35.0	36.0	37.0	38.0	39.0	40.0	41.0
SRR1314601_1	4.0	6.0	31.0	116.0	281.0	534.0	934.0	1416.0	1953.0	2580.0	3286.0	4287.0	5134.0	6109.0	7405.0	10425.0	17309.0	25607.0	33150.0	40416.0	50259.0	64889.0	86018.0	113811.0	149398.0	190353.0	238298.0	293718.0	365601.0	462932.0	609393.0	845346.0	1247056.0	1800367.0	2199329.0	2163893.0	2582900.0	3496624.0	3591037.0

