	21.0	22.0	23.0	24.0	25.0	26.0	27.0	28.0	29.0	30.0	31.0	32.0	33.0	34.0	35.0	36.0	37.0
SRR20458000_1_filtered_lt105bp	1.0	2.0	60.0	475.0	2249.0	5249.0	9511.0	14749.0	21694.0	29484.0	38976.0	50681.0	67913.0	90307.0	142203.0	399411.0	397872.0
	20.0	21.0	22.0	23.0	24.0	25.0	26.0	27.0	28.0	29.0	30.0	31.0	32.0	33.0	34.0	35.0	36.0	37.0
SRR20458000_2_filtered_lt105bp	1.0	4.0	13.0	135.0	785.0	2508.0	4722.0	8303.0	12280.0	18356.0	25043.0	34868.0	47389.0	68104.0	100665.0	185872.0	471242.0	290547.0
	22.0	23.0	24.0	25.0	26.0	27.0	28.0	29.0	30.0	31.0	32.0	33.0	34.0	35.0	36.0	37.0
SRR20755928_1_filtered_lt105bp	11.0	75.0	372.0	1825.0	5298.0	13109.0	26745.0	48246.0	75434.0	112617.0	157414.0	225676.0	326553.0	600065.0	1675755.0	1224941.0
	20.0	21.0	22.0	23.0	24.0	25.0	26.0	27.0	28.0	29.0	30.0	31.0	32.0	33.0	34.0	35.0	36.0	37.0
SRR20755928_2_filtered_lt105bp	1.0	4.0	22.0	156.0	843.0	3143.0	6684.0	12891.0	21100.0	34753.0	52617.0	79542.0	118987.0	191200.0	334111.0	747544.0	1859346.0	1031192.0
	22.0	23.0	24.0	25.0	26.0	27.0	28.0	29.0	30.0	31.0	32.0	33.0	34.0	35.0	36.0	37.0
SRR21031366_1_filtered_lt105bp	1.0	39.0	402.0	1723.0	3768.0	6847.0	10290.0	14577.0	19331.0	25596.0	33667.0	46338.0	65781.0	123048.0	415563.0	338002.0
	21.0	22.0	23.0	24.0	25.0	26.0	27.0	28.0	29.0	30.0	31.0	32.0	33.0	34.0	35.0	36.0	37.0
SRR21031366_2_filtered_lt105bp	3.0	13.0	89.0	662.0	2120.0	3877.0	6149.0	8512.0	11661.0	15248.0	20804.0	28701.0	44073.0	73362.0	160677.0	460792.0	268230.0

